<svg width="40" height="40" viewBox="0 0 40 40" fill="none" xmlns="http://www.w3.org/2000/svg">
<g clip-path="url(#clip0)">
<path d="M20 3.60352C25.3406 3.60352 25.9725 3.62416 28.0819 3.72023C30.0318 3.80914 31.0908 4.13464 31.7958 4.40854C32.7294 4.77135 33.3955 5.20482 34.0957 5.90425C34.796 6.60447 35.2294 7.27056 35.5915 8.20419C35.8654 8.90917 36.1909 9.96824 36.2798 11.9181C36.3758 14.0267 36.3965 14.6594 36.3965 20C36.3965 25.3406 36.3758 25.9725 36.2798 28.0819C36.1909 30.0317 35.8654 31.0908 35.5915 31.7958C35.2286 32.7294 34.7952 33.3955 34.0957 34.0957C33.3955 34.7959 32.7294 35.2294 31.7958 35.5914C31.0908 35.8653 30.0318 36.1908 28.0819 36.2797C25.9733 36.3758 25.3406 36.3965 20 36.3965C14.6594 36.3965 14.0267 36.3758 11.9181 36.2797C9.96824 36.1908 8.90918 35.8653 8.20419 35.5914C7.27056 35.2286 6.60448 34.7952 5.90426 34.0957C5.20403 33.3955 4.77056 32.7294 4.40854 31.7958C4.13465 31.0908 3.80915 30.0317 3.72023 28.0819C3.62417 25.9733 3.60352 25.3406 3.60352 20C3.60352 14.6594 3.62417 14.0275 3.72023 11.9181C3.80915 9.96824 4.13465 8.90917 4.40854 8.20419C4.77136 7.27056 5.20483 6.60447 5.90426 5.90425C6.60448 5.20403 7.27056 4.77056 8.20419 4.40854C8.90918 4.13464 9.96824 3.80914 11.9181 3.72023C14.0275 3.62416 14.6594 3.60352 20 3.60352ZM20 0C14.5681 0 13.8869 0.0230232 11.7537 0.120673C9.62528 0.217529 8.17164 0.555732 6.89902 1.05033C5.58352 1.56161 4.46808 2.24516 3.35662 3.35741C2.24516 4.46888 1.56081 5.58431 1.05033 6.89901C0.555732 8.17164 0.217529 9.62527 0.120673 11.7537C0.0230232 13.8869 0 14.5681 0 20C0 25.4319 0.0230232 26.113 0.120673 28.2463C0.217529 30.3747 0.555732 31.8283 1.05033 33.101C1.56161 34.4165 2.24516 35.5319 3.35741 36.6434C4.46967 37.7556 5.58431 38.4392 6.89981 38.9504C8.17164 39.445 9.62607 39.7832 11.7545 39.8801C13.8877 39.9777 14.5689 40.0008 20.0008 40.0008C25.4327 40.0008 26.1138 39.9777 28.2471 39.8801C30.3755 39.7832 31.8299 39.445 33.1018 38.9504C34.4173 38.4392 35.5327 37.7556 36.6442 36.6434C37.7564 35.5311 38.44 34.4165 38.9513 33.101C39.4459 31.8291 39.7841 30.3747 39.8809 28.2463C39.9786 26.113 40.0016 25.4319 40.0016 20C40.0016 14.5681 39.9786 13.8869 39.8809 11.7537C39.7841 9.62527 39.4459 8.17084 38.9513 6.89901C38.44 5.58351 37.7564 4.46808 36.6442 3.35662C35.5319 2.24436 34.4173 1.56081 33.1018 1.04954C31.8284 0.555732 30.3747 0.217529 28.2463 0.120673C26.1131 0.0230232 25.4319 0 20 0Z" fill="white"/>
<path d="M19.9999 9.73047C14.3275 9.73047 9.72998 14.3288 9.72998 20.0004C9.72998 25.672 14.3283 30.2703 19.9999 30.2703C25.6715 30.2703 30.2698 25.672 30.2698 20.0004C30.2698 14.3288 25.6723 9.73047 19.9999 9.73047ZM19.9999 26.6668C16.3178 26.6668 13.3335 23.6817 13.3335 20.0004C13.3335 16.3183 16.3186 13.334 19.9999 13.334C23.6812 13.334 26.6663 16.3191 26.6663 20.0004C26.6663 23.6825 23.682 26.6668 19.9999 26.6668Z" fill="white"/>
<path d="M30.6766 11.7236C32.002 11.7236 33.0765 10.6491 33.0765 9.32361C33.0765 7.99815 32.002 6.92365 30.6766 6.92365C29.3511 6.92365 28.2766 7.99815 28.2766 9.32361C28.2766 10.6491 29.3511 11.7236 30.6766 11.7236Z" fill="white"/>
</g>
<defs>
<clipPath id="clip0">
<rect width="40" height="40" fill="white"/>
</clipPath>
</defs>
</svg>
